33853.0 214.0 0.0 0.0 5894.0 1261.0 8078.0 1836.0 0.0 0.0 33.0 11630.0 0.0 0.0 0.0 0.0 0.0 0.0 0.0 0.0 2857.0 471.0 1284.0 6.0 1309.0 124.0 2512.0 17312.0 0.0 0.0 0.0 1394.0 0.0 0.0 0.0 0.0 0.0 0.0 0.0 0.0 0.0 2.0 174.0 508.0 0.0 0.0 4.0 3115.0 0.0 0.0 0.0 0.0 0.0 0.0 0.0 0.0 0.0 0.0 0.0 0.0 0.0 0.0 0.0 4433.0 
28555.0 37.0 0.0 0.0 30581.0 695.0 43.0 0.0 0.0 0.0 0.0 0.0 0.0 0.0 0.0 0.0 0.0 0.0 0.0 0.0 7424.0 1453.0 151.0 0.0 1118.0 515.0 931.0 2253.0 0.0 0.0 0.0 0.0 0.0 0.0 0.0 0.0 0.0 0.0 0.0 0.0 10.0 42.0 880.0 2560.0 0.0 0.0 213.0 9215.0 0.0 0.0 0.0 0.0 0.0 0.0 0.0 0.0 0.0 0.0 0.0 0.0 0.0 0.0 5.0 11623.0 
7016.0 197.0 0.0 0.0 9320.0 1493.0 2945.0 584.0 0.0 0.0 0.0 0.0 0.0 0.0 0.0 0.0 35.0 8.0 0.0 0.0 12177.0 5971.0 12390.0 1592.0 6593.0 1083.0 1497.0 23665.0 0.0 0.0 0.0 0.0 0.0 0.0 0.0 0.0 3.0 33.0 53.0 0.0 9270.0 1919.0 363.0 21.0 0.0 20.0 15.0 0.0 0.0 0.0 0.0 0.0 0.0 0.0 0.0 0.0 0.0 0.0 2.0 8.0 0.0 1.0 25.0 5.0 
25435.0 6983.0 0.0 0.0 279.0 3046.0 452.0 3.0 0.0 0.0 0.0 5.0 0.0 0.0 0.0 0.0 156.0 3.0 0.0 0.0 3547.0 2299.0 1638.0 118.0 7040.0 345.0 1003.0 9122.0 0.0 0.0 0.0 536.0 0.0 0.0 0.0 0.0 29.0 39.0 0.0 0.0 12239.0 3451.0 504.0 1979.0 7.0 149.0 1.0 13656.0 0.0 0.0 0.0 0.0 0.0 0.0 0.0 0.0 0.0 42.0 64.0 0.0 0.0 17.0 146.0 3971.0 
12632.0 4252.0 0.0 0.0 1268.0 9370.0 3032.0 338.0 0.0 0.0 181.0 10524.0 0.0 0.0 0.0 0.0 161.0 5.0 0.0 0.0 3748.0 4819.0 2979.0 0.0 199.0 2841.0 3675.0 6490.0 0.0 0.0 0.0 0.0 9.0 3.0 0.0 0.0 34.0 165.0 3.0 0.0 153.0 13290.0 5563.0 2561.0 0.0 598.0 522.0 1581.0 0.0 0.0 0.0 0.0 0.0 42.0 0.0 0.0 0.0 107.0 117.0 9.0 0.0 138.0 3245.0 3650.0 
30229.0 105.0 0.0 0.0 11808.0 542.0 0.0 0.0 0.0 0.0 0.0 0.0 0.0 0.0 0.0 0.0 366.0 2.0 0.0 0.0 19924.0 3776.0 80.0 0.0 5511.0 842.0 441.0 117.0 0.0 0.0 0.0 0.0 3.0 0.0 0.0 0.0 57.0 107.0 7.0 0.0 3812.0 1682.0 2889.0 2810.0 0.0 5.0 176.0 1738.0 0.0 0.0 0.0 0.0 0.0 0.0 0.0 0.0 5.0 190.0 21.0 3.0 0.0 7.0 136.0 10913.0 
17701.0 2673.0 0.0 0.0 11388.0 1067.0 221.0 0.0 203.0 0.0 0.0 0.0 0.0 0.0 0.0 0.0 449.0 391.0 0.0 0.0 660.0 6022.0 7198.0 0.0 90.0 19.0 3612.0 4026.0 0.0 0.0 0.0 226.0 1.0 0.0 0.0 0.0 7.0 333.0 387.0 0.0 0.0 134.0 5267.0 6251.0 0.0 0.0 1.0 27050.0 0.0 0.0 0.0 0.0 0.0 0.0 0.0 0.0 0.0 0.0 383.0 215.0 0.0 0.0 143.0 2186.0 
25638.0 2619.0 0.0 0.0 11123.0 13328.0 0.0 0.0 0.0 0.0 0.0 0.0 0.0 0.0 0.0 0.0 0.0 23.0 0.0 0.0 974.0 23638.0 105.0 0.0 0.0 5525.0 2880.0 0.0 0.0 0.0 0.0 0.0 0.0 0.0 0.0 0.0 0.0 141.0 13.0 0.0 0.0 9.0 622.0 8.0 0.0 0.0 21.0 69.0 0.0 0.0 0.0 0.0 0.0 0.0 0.0 0.0 0.0 0.0 0.0 0.0 0.0 0.0 0.0 11568.0 
28438.0 1.0 0.0 0.0 793.0 27.0 0.0 0.0 0.0 0.0 0.0 0.0 0.0 0.0 0.0 0.0 6779.0 6.0 0.0 0.0 20244.0 870.0 0.0 0.0 17.0 19.0 3.0 0.0 0.0 0.0 0.0 0.0 2122.0 0.0 0.0 0.0 14139.0 2094.0 0.0 0.0 1344.0 2884.0 32.0 0.0 0.0 0.0 0.0 0.0 0.0 0.0 0.0 0.0 5175.0 732.0 0.0 0.0 39.0 1796.0 166.0 0.0 0.0 32.0 303.0 10249.0 
41060.0 176.0 0.0 0.0 7073.0 1326.0 0.0 0.0 0.0 0.0 0.0 0.0 0.0 0.0 0.0 0.0 3626.0 23.0 0.0 0.0 18420.0 6832.0 100.0 0.0 545.0 102.0 91.0 0.0 0.0 0.0 0.0 0.0 1.0 0.0 0.0 0.0 661.0 1236.0 2.0 0.0 6.0 525.0 923.0 27.0 0.0 0.0 18.0 75.0 0.0 0.0 0.0 0.0 0.0 2.0 0.0 0.0 0.0 202.0 130.0 3.0 0.0 0.0 223.0 14896.0 
19602.0 1083.0 0.0 0.0 31889.0 8757.0 41.0 0.0 0.0 0.0 0.0 0.0 0.0 0.0 0.0 0.0 174.0 10.0 0.0 0.0 8093.0 10803.0 6336.0 0.0 686.0 3843.0 2816.0 0.0 0.0 0.0 0.0 0.0 0.0 0.0 0.0 0.0 0.0 83.0 2.0 0.0 0.0 368.0 595.0 710.0 0.0 1.0 9.0 355.0 0.0 0.0 0.0 0.0 0.0 0.0 0.0 0.0 0.0 0.0 2.0 2.0 0.0 0.0 10.0 2034.0 
18006.0 208.0 0.0 0.0 14369.0 5535.0 57.0 0.0 426.0 3.0 0.0 0.0 0.0 0.0 0.0 0.0 12.0 0.0 0.0 0.0 5921.0 4760.0 3668.0 0.0 18013.0 15371.0 3346.0 0.0 0.0 1.0 0.0 0.0 0.0 0.0 0.0 0.0 0.0 29.0 0.0 0.0 1.0 704.0 2940.0 1577.0 0.0 4.0 15.0 997.0 0.0 0.0 0.0 0.0 0.0 0.0 0.0 0.0 0.0 4.0 26.0 0.0 0.0 0.0 154.0 2157.0 
14612.0 449.0 0.0 0.0 3587.0 2962.0 0.0 0.0 0.0 0.0 0.0 0.0 0.0 0.0 0.0 0.0 3.0 19.0 0.0 0.0 2917.0 8801.0 1227.0 0.0 29405.0 4089.0 5975.0 0.0 0.0 0.0 0.0 0.0 0.0 0.0 0.0 0.0 0.0 0.0 0.0 0.0 8691.0 1008.0 2807.0 27.0 675.0 469.0 2.0 71.0 0.0 0.0 0.0 0.0 0.0 0.0 0.0 0.0 0.0 0.0 4.0 0.0 36.0 57.0 11.0 10400.0 
19272.0 132.0 0.0 0.0 5092.0 399.0 0.0 0.0 0.0 0.0 0.0 0.0 0.0 0.0 0.0 0.0 1305.0 0.0 0.0 0.0 21711.0 5746.0 36.0 0.0 16929.0 3340.0 113.0 0.0 0.0 0.0 0.0 0.0 0.0 0.0 0.0 0.0 358.0 899.0 0.0 0.0 0.0 832.0 274.0 152.0 0.0 0.0 16.0 7548.0 0.0 0.0 0.0 0.0 0.0 0.0 0.0 0.0 0.0 4.0 7.0 0.0 0.0 0.0 16.0 14123.0 
37377.0 0.0 0.0 0.0 23062.0 313.0 0.0 0.0 0.0 0.0 0.0 0.0 0.0 0.0 0.0 0.0 259.0 0.0 0.0 0.0 12457.0 4301.0 0.0 0.0 3274.0 1927.0 27.0 0.0 0.0 0.0 0.0 0.0 3.0 0.0 0.0 0.0 213.0 200.0 0.0 0.0 0.0 334.0 981.0 2.0 0.0 5.0 194.0 436.0 0.0 0.0 0.0 0.0 0.0 10.0 0.0 0.0 0.0 12.0 183.0 0.0 0.0 0.0 201.0 12533.0 
14298.0 73.0 0.0 0.0 6724.0 165.0 1.0 0.0 0.0 0.0 0.0 0.0 0.0 0.0 0.0 0.0 2718.0 1.0 0.0 0.0 26895.0 1357.0 11607.0 0.0 4700.0 947.0 8023.0 2980.0 0.0 0.0 0.0 0.0 225.0 21.0 0.0 0.0 590.0 221.0 1.0 0.0 351.0 1617.0 9266.0 5051.0 0.0 37.0 9.0 22.0 52.0 14.0 0.0 0.0 30.0 44.0 14.0 0.0 10.0 34.0 90.0 6.0 0.0 3.0 15.0 92.0 
24279.0 468.0 0.0 0.0 8402.0 587.0 7.0 0.0 0.0 0.0 0.0 0.0 0.0 0.0 0.0 0.0 27.0 0.0 0.0 0.0 24641.0 2471.0 4671.0 1316.0 1118.0 529.0 1152.0 10560.0 0.0 0.0 0.0 0.0 0.0 0.0 0.0 0.0 5.0 10.0 0.0 0.0 82.0 2364.0 2201.0 10727.0 0.0 15.0 172.0 367.0 0.0 0.0 0.0 0.0 0.0 0.0 0.0 0.0 0.0 0.0 35.0 0.0 0.0 0.0 1729.0 369.0 
16892.0 7623.0 0.0 0.0 1059.0 678.0 0.0 0.0 0.0 0.0 0.0 0.0 0.0 0.0 0.0 0.0 2099.0 87.0 0.0 0.0 35033.0 5524.0 12887.0 3.0 1767.0 169.0 1994.0 1132.0 0.0 0.0 0.0 0.0 0.0 0.0 0.0 0.0 169.0 164.0 2.0 0.0 587.0 1017.0 2723.0 4583.0 0.0 0.0 35.0 161.0 0.0 0.0 0.0 0.0 0.0 0.0 0.0 0.0 0.0 53.0 40.0 1.0 0.0 1.0 149.0 1672.0 
9801.0 232.0 0.0 0.0 6880.0 1438.0 0.0 0.0 0.0 0.0 0.0 0.0 0.0 0.0 0.0 0.0 757.0 16.0 0.0 0.0 19904.0 3283.0 236.0 0.0 24481.0 5822.0 472.0 29.0 0.0 0.0 0.0 0.0 138.0 16.0 0.0 0.0 585.0 167.0 28.0 0.0 620.0 2677.0 1466.0 4581.0 0.0 41.0 24.0 2956.0 51.0 59.0 0.0 0.0 10.0 9.0 0.0 0.0 53.0 158.0 25.0 3.0 0.0 21.0 119.0 11146.0 
9180.0 279.0 0.0 0.0 6878.0 838.0 0.0 0.0 0.0 0.0 0.0 0.0 0.0 0.0 0.0 0.0 1624.0 6.0 0.0 0.0 31136.0 2464.0 64.0 0.0 24880.0 5526.0 139.0 9.0 0.0 0.0 0.0 0.0 253.0 14.0 0.0 0.0 1832.0 525.0 9.0 0.0 1293.0 7686.0 781.0 382.0 0.0 77.0 61.0 14.0 55.0 106.0 0.0 0.0 0.0 44.0 3.0 0.0 1.0 53.0 286.0 29.0 0.0 2.0 684.0 1091.0 
6326.0 0.0 0.0 0.0 489.0 1.0 0.0 0.0 0.0 0.0 0.0 0.0 0.0 0.0 0.0 0.0 3371.0 3.0 0.0 0.0 14704.0 586.0 0.0 0.0 1822.0 682.0 0.0 0.0 0.0 0.0 0.0 0.0 226.0 0.0 0.0 0.0 3162.0 604.0 1.0 0.0 18682.0 15799.0 332.0 324.0 0.0 75.0 178.0 16282.0 0.0 0.0 0.0 0.0 41.0 40.0 0.0 0.0 458.0 2559.0 136.0 0.0 7.0 2160.0 541.0 8713.0 
8480.0 43.0 0.0 0.0 556.0 44.0 0.0 0.0 0.0 0.0 0.0 0.0 0.0 0.0 0.0 0.0 621.0 3.0 0.0 0.0 32452.0 3361.0 10.0 0.0 6842.0 6811.0 8.0 0.0 0.0 0.0 0.0 0.0 0.0 0.0 0.0 0.0 105.0 409.0 0.0 0.0 445.0 11087.0 488.0 1748.0 0.0 4.0 23.0 8632.0 0.0 0.0 0.0 0.0 0.0 0.0 0.0 0.0 0.0 7.0 46.0 0.0 0.0 0.0 107.0 15972.0 
6640.0 145.0 139.0 0.0 2604.0 76.0 9872.0 240.0 0.0 0.0 0.0 0.0 0.0 0.0 0.0 0.0 340.0 1.0 0.0 0.0 23095.0 1498.0 8803.0 2891.0 3316.0 1781.0 965.0 9211.0 0.0 0.0 0.0 0.0 0.0 0.0 0.0 0.0 27.0 29.0 0.0 0.0 511.0 1585.0 1062.0 11283.0 0.0 16.0 60.0 7064.0 0.0 0.0 0.0 0.0 0.0 0.0 0.0 0.0 0.0 3.0 1.0 0.0 0.0 2.0 107.0 4937.0 
20139.0 608.0 1013.0 0.0 7846.0 403.0 5064.0 52.0 0.0 0.0 0.0 0.0 0.0 0.0 0.0 0.0 73.0 4.0 0.0 0.0 10738.0 1860.0 12612.0 2565.0 13.0 152.0 3637.0 8529.0 0.0 0.0 0.0 0.0 12.0 9.0 0.0 0.0 1.0 12.0 0.0 0.0 0.0 166.0 4605.0 13406.0 0.0 0.0 9.0 2445.0 0.0 0.0 0.0 0.0 0.0 0.0 0.0 0.0 0.0 0.0 0.0 1.0 0.0 0.0 27.0 2303.0 
1495.0 0.0 0.0 0.0 1066.0 363.0 293.0 0.0 0.0 6.0 106.0 0.0 0.0 0.0 0.0 0.0 286.0 0.0 0.0 0.0 12543.0 1260.0 1161.0 0.0 2777.0 346.0 2400.0 0.0 0.0 0.0 0.0 0.0 0.0 0.0 0.0 0.0 1475.0 21.0 0.0 0.0 13174.0 324.0 695.0 11.0 25.0 9.0 80.0 144.0 0.0 0.0 0.0 0.0 18.0 0.0 0.0 0.0 1400.0 173.0 27.0 0.0 65.0 249.0 222.0 18287.0 
22903.0 0.0 0.0 0.0 369.0 0.0 0.0 0.0 0.0 0.0 0.0 0.0 0.0 0.0 0.0 0.0 9240.0 2.0 0.0 0.0 24010.0 693.0 0.0 0.0 122.0 5.0 0.0 0.0 0.0 0.0 0.0 0.0 1260.0 0.0 0.0 0.0 22171.0 1593.0 0.0 0.0 7758.0 1767.0 48.0 0.0 0.0 0.0 0.0 0.0 9.0 0.0 0.0 0.0 2807.0 136.0 0.0 0.0 2448.0 755.0 66.0 0.0 95.0 34.0 13.0 0.0 
15995.0 50.0 0.0 0.0 1918.0 532.0 6.0 0.0 0.0 0.0 0.0 0.0 0.0 0.0 0.0 0.0 6267.0 6.0 0.0 0.0 16368.0 7344.0 572.0 0.0 1205.0 1759.0 1252.0 46.0 0.0 0.0 0.0 0.0 1474.0 25.0 0.0 0.0 7139.0 5922.0 2.0 0.0 3246.0 9275.0 2078.0 1348.0 0.0 40.0 322.0 11417.0 7.0 4.0 0.0 0.0 134.0 320.0 0.0 0.0 238.0 1155.0 95.0 0.0 0.0 198.0 417.0 128.0 
14478.0 0.0 0.0 0.0 6440.0 9.0 0.0 0.0 0.0 0.0 0.0 0.0 0.0 0.0 0.0 0.0 9122.0 0.0 0.0 0.0 29026.0 722.0 0.0 0.0 9755.0 7750.0 0.0 0.0 0.0 0.0 0.0 0.0 3408.0 175.0 0.0 0.0 3521.0 917.0 0.0 0.0 3791.0 8841.0 106.0 0.0 0.0 14.0 51.0 1.0 0.0 0.0 0.0 0.0 1.0 56.0 0.0 0.0 6.0 59.0 5.0 0.0 0.0 2.0 34.0 14.0 
11395.0 0.0 0.0 0.0 4116.0 39.0 0.0 0.0 0.0 0.0 0.0 0.0 0.0 0.0 0.0 0.0 834.0 0.0 0.0 0.0 17787.0 3068.0 197.0 0.0 2459.0 703.0 402.0 0.0 0.0 0.0 0.0 0.0 0.0 0.0 0.0 0.0 3479.0 1415.0 3.0 0.0 11964.0 20007.0 5361.0 11.0 532.0 9102.0 26.0 172.0 0.0 0.0 0.0 0.0 0.0 0.0 0.0 0.0 1888.0 1163.0 185.0 0.0 281.0 1619.0 87.0 9.0 
5765.0 0.0 0.0 0.0 2119.0 125.0 7.0 0.0 0.0 0.0 0.0 0.0 0.0 0.0 0.0 0.0 1661.0 6.0 0.0 0.0 9369.0 3083.0 788.0 0.0 3748.0 2559.0 1881.0 0.0 0.0 0.0 0.0 0.0 1021.0 36.0 0.0 0.0 1171.0 534.0 0.0 0.0 9870.0 28354.0 5397.0 2351.0 39.0 505.0 663.0 12698.0 138.0 54.0 0.0 0.0 119.0 229.0 0.0 0.0 66.0 1556.0 10.0 0.0 3.0 1926.0 75.0 378.0 
27907.0 601.0 0.0 0.0 8268.0 1624.0 25.0 0.0 0.0 0.0 0.0 0.0 0.0 0.0 0.0 0.0 3875.0 154.0 0.0 0.0 16268.0 7264.0 699.0 82.0 1779.0 6003.0 280.0 182.0 0.0 0.0 0.0 0.0 354.0 288.0 0.0 0.0 3922.0 3177.0 33.0 0.0 2348.0 7460.0 562.0 253.0 57.0 1114.0 105.0 41.0 0.0 7.0 0.0 0.0 33.0 469.0 24.0 0.0 55.0 1475.0 105.0 1.0 59.0 1103.0 154.0 94.0 
7955.0 3.0 0.0 0.0 2748.0 45.0 0.0 0.0 0.0 0.0 0.0 0.0 0.0 0.0 0.0 0.0 4977.0 13.0 0.0 0.0 18066.0 1519.0 5.0 0.0 6174.0 1949.0 133.0 11.0 203.0 357.0 0.0 0.0 541.0 42.0 0.0 0.0 10169.0 3016.0 0.0 0.0 10898.0 8636.0 455.0 44.0 116.0 13439.0 139.0 817.0 0.0 16.0 0.0 0.0 159.0 329.0 0.0 0.0 1073.0 3000.0 59.0 4.0 125.0 965.0 100.0 4.0 
28907.0 0.0 0.0 0.0 0.0 0.0 0.0 0.0 0.0 0.0 0.0 0.0 0.0 0.0 0.0 0.0 18035.0 0.0 0.0 0.0 85.0 23.0 0.0 0.0 0.0 0.0 0.0 0.0 0.0 0.0 0.0 0.0 9560.0 0.0 0.0 0.0 3897.0 12.0 0.0 0.0 0.0 0.0 0.0 0.0 0.0 0.0 0.0 0.0 76.0 0.0 0.0 0.0 25647.0 0.0 0.0 0.0 8631.0 0.0 0.0 0.0 1068.0 290.0 245.0 1828.0 
23990.0 0.0 0.0 0.0 0.0 0.0 0.0 0.0 0.0 0.0 0.0 0.0 0.0 0.0 0.0 0.0 10536.0 0.0 0.0 0.0 1181.0 25.0 0.0 0.0 0.0 0.0 0.0 0.0 0.0 0.0 0.0 0.0 5768.0 1.0 0.0 0.0 17485.0 118.0 0.0 0.0 9.0 0.0 0.0 0.0 0.0 0.0 0.0 0.0 1429.0 0.0 0.0 0.0 19559.0 270.0 0.0 0.0 5794.0 203.0 1.0 0.0 10944.0 200.0 154.0 637.0 
12178.0 0.0 0.0 0.0 4.0 0.0 0.0 0.0 0.0 0.0 0.0 0.0 0.0 0.0 0.0 0.0 7090.0 0.0 0.0 0.0 15588.0 265.0 0.0 0.0 0.0 0.0 0.0 0.0 0.0 0.0 0.0 0.0 1.0 0.0 0.0 0.0 39424.0 1295.0 0.0 0.0 134.0 448.0 0.0 0.0 0.0 0.0 0.0 0.0 0.0 0.0 0.0 0.0 14792.0 2.0 0.0 0.0 6075.0 1008.0 0.0 0.0 0.0 0.0 0.0 0.0 
21056.0 0.0 0.0 0.0 0.0 0.0 0.0 0.0 0.0 0.0 0.0 0.0 0.0 0.0 0.0 0.0 13703.0 0.0 0.0 0.0 6169.0 0.0 0.0 0.0 0.0 0.0 0.0 0.0 0.0 0.0 0.0 0.0 1086.0 0.0 0.0 0.0 43034.0 6.0 0.0 0.0 0.0 1.0 0.0 0.0 0.0 0.0 0.0 0.0 0.0 0.0 0.0 0.0 12429.0 3.0 0.0 0.0 627.0 18.0 0.0 0.0 85.0 87.0 0.0 0.0 
11087.0 0.0 0.0 0.0 0.0 0.0 0.0 0.0 0.0 0.0 0.0 0.0 0.0 0.0 0.0 0.0 1612.0 0.0 0.0 0.0 0.0 0.0 0.0 0.0 0.0 0.0 0.0 0.0 0.0 0.0 0.0 0.0 1378.0 3.0 0.0 0.0 0.0 0.0 0.0 0.0 0.0 0.0 0.0 0.0 0.0 0.0 0.0 0.0 76449.0 932.0 0.0 0.0 2063.0 4780.0 0.0 0.0 0.0 0.0 0.0 0.0 0.0 0.0 0.0 0.0 
29705.0 0.0 0.0 0.0 0.0 0.0 0.0 0.0 0.0 0.0 0.0 0.0 0.0 0.0 0.0 0.0 21873.0 0.0 0.0 0.0 42.0 1.0 0.0 0.0 0.0 0.0 0.0 0.0 0.0 0.0 0.0 0.0 9007.0 2.0 0.0 0.0 13029.0 174.0 0.0 0.0 15.0 41.0 0.0 0.0 0.0 0.0 0.0 0.0 202.0 0.0 0.0 0.0 18317.0 110.0 0.0 0.0 5595.0 191.0 0.0 0.0 0.0 0.0 0.0 0.0 
13483.0 26068.0 1330.0 0.0 0.0 103.0 747.0 0.0 0.0 0.0 0.0 0.0 0.0 0.0 0.0 0.0 8592.0 14667.0 107.0 0.0 0.0 3105.0 6183.0 0.0 0.0 0.0 0.0 0.0 0.0 0.0 0.0 0.0 817.0 5534.0 0.0 0.0 2.0 7060.0 636.0 0.0 0.0 0.0 0.0 0.0 0.0 0.0 0.0 0.0 3.0 373.0 0.0 0.0 0.0 8869.0 590.0 0.0 0.0 0.0 35.0 0.0 0.0 0.0 0.0 0.0 
33999.0 0.0 0.0 0.0 0.0 0.0 0.0 0.0 0.0 0.0 0.0 0.0 0.0 0.0 0.0 0.0 13411.0 2.0 0.0 0.0 42.0 27.0 0.0 0.0 0.0 0.0 0.0 0.0 0.0 0.0 0.0 0.0 10223.0 6.0 0.0 0.0 13525.0 893.0 0.0 0.0 0.0 3.0 0.0 0.0 0.0 0.0 0.0 0.0 803.0 17.0 0.0 0.0 21003.0 1331.0 0.0 0.0 2724.0 290.0 5.0 0.0 0.0 0.0 0.0 0.0 
33833.0 424.0 0.0 0.0 2403.0 3148.0 4.0 0.0 0.0 0.0 0.0 0.0 0.0 0.0 0.0 0.0 5198.0 248.0 0.0 0.0 705.0 2244.0 770.0 0.0 0.0 389.0 776.0 0.0 0.0 0.0 0.0 0.0 10857.0 593.0 0.0 0.0 133.0 1910.0 154.0 0.0 0.0 59.0 284.0 0.0 0.0 0.0 2.0 0.0 15814.0 2114.0 0.0 0.0 2006.0 10058.0 315.0 0.0 0.0 1826.0 2035.0 1.0 0.0 0.0 1.0 0.0 
70943.0 0.0 0.0 0.0 0.0 0.0 0.0 0.0 0.0 0.0 0.0 0.0 0.0 0.0 0.0 0.0 1134.0 0.0 0.0 0.0 137.0 5.0 0.0 0.0 0.0 0.0 0.0 0.0 0.0 0.0 0.0 0.0 17613.0 16.0 0.0 0.0 350.0 105.0 0.0 0.0 206.0 92.0 6.0 0.0 0.0 0.0 0.0 0.0 3666.0 766.0 0.0 0.0 205.0 1731.0 15.0 0.0 4.0 127.0 846.0 0.0 0.0 0.0 323.0 14.0 
83816.0 416.0 0.0 0.0 3.0 57.0 24.0 0.0 0.0 0.0 0.0 0.0 0.0 0.0 0.0 0.0 2370.0 180.0 0.0 0.0 474.0 849.0 167.0 0.0 0.0 0.0 0.0 0.0 0.0 0.0 0.0 0.0 4974.0 22.0 0.0 0.0 113.0 741.0 62.0 0.0 0.0 38.0 413.0 17.0 0.0 0.0 75.0 8.0 434.0 20.0 0.0 0.0 109.0 836.0 23.0 0.0 0.0 37.0 833.0 45.0 0.0 0.0 600.0 548.0 
20040.0 0.0 0.0 0.0 0.0 0.0 0.0 0.0 0.0 0.0 0.0 0.0 0.0 0.0 0.0 0.0 36607.0 0.0 0.0 0.0 0.0 0.0 0.0 0.0 0.0 0.0 0.0 0.0 0.0 0.0 0.0 0.0 35347.0 2.0 0.0 0.0 109.0 10.0 0.0 0.0 0.0 2.0 0.0 0.0 0.0 0.0 0.0 0.0 2033.0 1.0 0.0 0.0 3307.0 67.0 1.0 0.0 634.0 36.0 3.0 0.0 29.0 51.0 25.0 0.0 
28842.0 0.0 0.0 0.0 0.0 0.0 0.0 0.0 0.0 0.0 0.0 0.0 0.0 0.0 0.0 0.0 23884.0 0.0 0.0 0.0 39.0 4.0 0.0 0.0 0.0 0.0 0.0 0.0 0.0 0.0 0.0 0.0 15251.0 0.0 0.0 0.0 122.0 26.0 0.0 0.0 0.0 0.0 0.0 0.0 0.0 0.0 0.0 0.0 25043.0 0.0 0.0 0.0 4200.0 25.0 0.0 0.0 101.0 50.0 0.0 0.0 68.0 216.0 335.0 98.0 
46451.0 1.0 0.0 0.0 0.0 0.0 0.0 0.0 0.0 0.0 0.0 0.0 0.0 0.0 0.0 0.0 10981.0 32.0 0.0 0.0 2936.0 1107.0 0.0 0.0 0.0 0.0 0.0 0.0 0.0 0.0 0.0 0.0 708.0 0.0 0.0 0.0 11918.0 5098.0 0.0 0.0 278.0 5739.0 500.0 0.0 0.0 0.0 0.0 0.0 0.0 0.0 0.0 0.0 1587.0 5.0 0.0 0.0 5318.0 5293.0 14.0 0.0 323.0 15.0 0.0 0.0 
31531.0 0.0 0.0 0.0 0.0 0.0 0.0 0.0 0.0 0.0 0.0 0.0 0.0 0.0 0.0 0.0 22436.0 15.0 0.0 0.0 18.0 58.0 0.0 0.0 0.0 0.0 0.0 0.0 0.0 0.0 0.0 0.0 23006.0 10.0 0.0 0.0 406.0 375.0 0.0 0.0 59.0 13.0 8.0 0.0 0.0 0.0 0.0 0.0 7572.0 7.0 0.0 0.0 7463.0 272.0 1.0 0.0 3675.0 439.0 56.0 0.0 313.0 468.0 103.0 0.0 
45912.0 0.0 0.0 0.0 0.0 0.0 0.0 0.0 0.0 0.0 0.0 0.0 0.0 0.0 0.0 0.0 18580.0 29.0 0.0 0.0 1317.0 793.0 0.0 0.0 0.0 0.0 0.0 0.0 0.0 0.0 0.0 0.0 6902.0 28.0 0.0 0.0 5778.0 1414.0 2.0 0.0 22.0 18.0 15.0 0.0 0.0 0.0 0.0 0.0 4800.0 18.0 0.0 0.0 6659.0 1669.0 0.0 0.0 1599.0 1419.0 145.0 0.0 896.0 277.0 12.0 0.0 
4.0 0.0 0.0 0.0 0.0 0.0 0.0 0.0 0.0 0.0 0.0 0.0 0.0 0.0 0.0 0.0 12.0 0.0 0.0 0.0 22.0 44.0 0.0 0.0 0.0 0.0 0.0 0.0 0.0 0.0 0.0 0.0 11.0 0.0 0.0 0.0 3.0 549.0 0.0 0.0 0.0 177.0 714.0 0.0 0.0 0.0 0.0 0.0 134.0 43.0 0.0 0.0 13.0 19242.0 0.0 0.0 0.0 1051.0 5914.0 93.0 0.0 0.0 2274.0 68004.0 
986.0 0.0 0.0 0.0 0.0 0.0 0.0 0.0 0.0 0.0 0.0 0.0 0.0 0.0 0.0 0.0 1655.0 1.0 0.0 0.0 176.0 615.0 0.0 0.0 0.0 0.0 0.0 0.0 0.0 0.0 0.0 0.0 3170.0 0.0 0.0 0.0 368.0 532.0 2.0 0.0 22.0 3305.0 48344.0 2.0 0.0 0.0 9.0 0.0 2540.0 0.0 0.0 0.0 3547.0 27.0 0.0 0.0 1898.0 1826.0 13623.0 53.0 113.0 200.0 13399.0 1891.0 
1673.0 0.0 0.0 0.0 570.0 54.0 0.0 0.0 0.0 0.0 0.0 0.0 0.0 0.0 0.0 0.0 5098.0 0.0 0.0 0.0 599.0 1234.0 0.0 0.0 5.0 160.0 5.0 0.0 0.0 0.0 0.0 0.0 1241.0 0.0 0.0 0.0 2515.0 1809.0 0.0 0.0 0.0 854.0 4067.0 0.0 0.0 0.0 828.0 1554.0 2367.0 0.0 0.0 0.0 4809.0 3090.0 0.0 0.0 0.0 781.0 6508.0 81.0 0.0 0.0 3753.0 54649.0 
4846.0 520.0 0.0 0.0 75.0 1571.0 1.0 0.0 0.0 0.0 0.0 0.0 0.0 0.0 0.0 0.0 1175.0 10.0 0.0 0.0 491.0 2550.0 290.0 0.0 0.0 4.0 141.0 0.0 0.0 0.0 0.0 0.0 2158.0 0.0 0.0 0.0 511.0 530.0 34.0 0.0 53.0 379.0 6569.0 105.0 0.0 0.0 4.0 13.0 16656.0 0.0 0.0 0.0 3679.0 143.0 0.0 0.0 946.0 964.0 15852.0 705.0 306.0 400.0 1930.0 34693.0 
4374.0 0.0 0.0 0.0 1118.0 0.0 0.0 0.0 0.0 0.0 0.0 0.0 0.0 0.0 0.0 0.0 712.0 0.0 0.0 0.0 1154.0 201.0 0.0 0.0 0.0 2.0 0.0 0.0 0.0 0.0 0.0 0.0 5088.0 1.0 0.0 0.0 2354.0 887.0 0.0 0.0 85.0 660.0 596.0 0.0 0.0 0.0 4.0 0.0 2210.0 24.0 0.0 0.0 1707.0 95.0 0.0 0.0 1341.0 1285.0 8295.0 169.0 1.0 155.0 1538.0 64248.0 
345.0 0.0 0.0 0.0 0.0 0.0 0.0 0.0 0.0 0.0 0.0 0.0 0.0 0.0 0.0 0.0 1644.0 15.0 0.0 0.0 210.0 821.0 0.0 0.0 0.0 0.0 0.0 0.0 0.0 0.0 0.0 0.0 3752.0 5.0 0.0 0.0 359.0 1292.0 0.0 0.0 0.0 584.0 33313.0 0.0 0.0 0.0 12.0 1.0 5001.0 0.0 0.0 0.0 856.0 268.0 4.0 0.0 825.0 776.0 24024.0 41.0 0.0 0.0 16201.0 7955.0 
29846.0 0.0 0.0 0.0 1040.0 0.0 0.0 0.0 0.0 0.0 0.0 0.0 0.0 0.0 0.0 0.0 1520.0 0.0 0.0 0.0 11471.0 12375.0 0.0 0.0 0.0 0.0 0.0 0.0 0.0 0.0 0.0 0.0 6256.0 8.0 0.0 0.0 1058.0 2650.0 0.0 0.0 850.0 3290.0 16981.0 0.0 0.0 0.0 7.0 0.0 5620.0 21.0 0.0 0.0 1623.0 516.0 2.0 0.0 336.0 478.0 2031.0 0.0 0.0 11.0 268.0 46.0 
4.0 0.0 0.0 0.0 0.0 0.0 0.0 0.0 0.0 0.0 0.0 0.0 0.0 0.0 0.0 0.0 5364.0 0.0 0.0 0.0 737.0 583.0 0.0 0.0 0.0 0.0 0.0 0.0 0.0 0.0 0.0 0.0 4968.0 0.0 0.0 0.0 2104.0 1857.0 0.0 0.0 11.0 1144.0 1304.0 0.0 0.0 0.0 0.0 0.0 0.0 0.0 0.0 0.0 2929.0 349.0 0.0 0.0 1171.0 629.0 12155.0 59.0 963.0 661.0 7592.0 53720.0 
16926.0 0.0 0.0 0.0 0.0 0.0 0.0 0.0 0.0 0.0 0.0 0.0 0.0 0.0 0.0 0.0 8338.0 0.0 0.0 0.0 177.0 18.0 0.0 0.0 0.0 0.0 0.0 0.0 0.0 0.0 0.0 0.0 9813.0 0.0 0.0 0.0 3466.0 167.0 0.0 0.0 0.0 1.0 0.0 0.0 0.0 0.0 0.0 0.0 12707.0 3.0 0.0 0.0 46315.0 116.0 0.0 0.0 66.0 65.0 0.0 0.0 74.0 52.0 0.0 0.0 
6101.0 0.0 0.0 0.0 0.0 0.0 0.0 0.0 0.0 0.0 0.0 0.0 0.0 0.0 0.0 0.0 14687.0 0.0 0.0 0.0 51.0 0.0 0.0 0.0 0.0 0.0 0.0 0.0 0.0 0.0 0.0 0.0 11877.0 0.0 0.0 0.0 12057.0 75.0 0.0 0.0 27.0 0.0 0.0 0.0 0.0 0.0 0.0 0.0 29619.0 0.0 0.0 0.0 18334.0 130.0 0.0 0.0 3163.0 215.0 0.0 0.0 75.0 791.0 493.0 609.0 
19264.0 0.0 0.0 0.0 448.0 5.0 0.0 0.0 0.0 0.0 0.0 0.0 0.0 0.0 0.0 0.0 4913.0 0.0 0.0 0.0 2.0 56.0 0.0 0.0 0.0 1.0 0.0 0.0 0.0 0.0 0.0 0.0 2885.0 68.0 0.0 0.0 85.0 135.0 0.0 0.0 1.0 0.0 0.0 0.0 0.0 0.0 0.0 0.0 17810.0 8254.0 0.0 0.0 2747.0 40963.0 0.0 0.0 59.0 367.0 227.0 0.0 0.0 5.0 9.0 0.0 
25532.0 0.0 0.0 0.0 493.0 0.0 0.0 0.0 0.0 0.0 0.0 0.0 0.0 0.0 0.0 0.0 1964.0 0.0 0.0 0.0 3641.0 4.0 0.0 0.0 38.0 2.0 0.0 0.0 0.0 0.0 0.0 0.0 1917.0 0.0 0.0 0.0 6557.0 5.0 0.0 0.0 3136.0 518.0 0.0 0.0 0.0 1.0 0.0 0.0 370.0 0.0 0.0 0.0 50037.0 30.0 0.0 0.0 2629.0 1111.0 0.0 0.0 4.0 274.0 41.0 0.0 
14833.0 0.0 0.0 0.0 144.0 0.0 0.0 0.0 0.0 0.0 0.0 0.0 0.0 0.0 0.0 0.0 26000.0 3.0 0.0 0.0 347.0 50.0 0.0 0.0 247.0 54.0 0.0 0.0 0.0 0.0 0.0 0.0 29368.0 2603.0 0.0 0.0 221.0 824.0 0.0 0.0 10.0 57.0 2.0 0.0 0.0 0.0 0.0 0.0 3282.0 7848.0 0.0 0.0 71.0 10885.0 115.0 0.0 71.0 392.0 596.0 3.0 1.0 74.0 108.0 95.0 
1637.0 0.0 0.0 0.0 0.0 0.0 0.0 0.0 0.0 0.0 0.0 0.0 0.0 0.0 0.0 0.0 7370.0 0.0 0.0 0.0 4050.0 19.0 0.0 0.0 0.0 0.0 0.0 0.0 0.0 0.0 0.0 0.0 1073.0 0.0 0.0 0.0 17250.0 37.0 0.0 0.0 13060.0 349.0 0.0 0.0 1227.0 14.0 0.0 0.0 83.0 0.0 0.0 0.0 2700.0 10.0 0.0 0.0 19823.0 2057.0 0.0 0.0 24249.0 3296.0 0.0 0.0 
3901.0 0.0 0.0 0.0 2143.0 416.0 0.0 0.0 104.0 91.0 1.0 0.0 0.0 0.0 0.0 0.0 3935.0 21.0 0.0 0.0 85.0 206.0 1.0 0.0 0.0 156.0 120.0 0.0 0.0 0.0 0.0 0.0 20659.0 500.0 0.0 0.0 41.0 79.0 4.0 0.0 1.0 1.0 15.0 0.0 0.0 0.0 0.0 0.0 18999.0 32147.0 90.0 0.0 1228.0 5437.0 4391.0 120.0 544.0 93.0 965.0 951.0 374.0 485.0 0.0 0.0 
4226.0 0.0 0.0 0.0 51.0 0.0 0.0 0.0 0.0 0.0 0.0 0.0 0.0 0.0 0.0 0.0 18562.0 1652.0 0.0 0.0 30.0 83.0 0.0 0.0 0.0 0.0 0.0 0.0 0.0 0.0 0.0 0.0 13462.0 15545.0 7.0 0.0 0.0 713.0 195.0 0.0 0.0 0.0 6.0 0.0 0.0 0.0 0.0 0.0 1969.0 22490.0 1850.0 0.0 0.0 547.0 14932.0 1733.0 0.0 0.0 133.0 118.0 0.0 0.0 0.0 0.0 
5657.0 0.0 0.0 0.0 68.0 2.0 0.0 0.0 0.0 0.0 0.0 0.0 0.0 0.0 0.0 0.0 11610.0 10.0 0.0 0.0 168.0 95.0 0.0 0.0 561.0 0.0 0.0 0.0 0.0 0.0 0.0 0.0 27816.0 113.0 0.0 0.0 3607.0 1321.0 0.0 0.0 1378.0 94.0 0.0 0.0 0.0 1.0 0.0 0.0 10752.0 257.0 0.0 0.0 5082.0 10255.0 0.0 0.0 8478.0 9674.0 965.0 0.0 10.0 283.0 47.0 0.0 
25282.0 0.0 0.0 0.0 2078.0 100.0 0.0 0.0 0.0 0.0 0.0 0.0 0.0 0.0 0.0 0.0 1.0 0.0 0.0 0.0 3170.0 26969.0 0.0 0.0 431.0 7662.0 866.0 143.0 0.0 0.0 0.0 0.0 0.0 0.0 0.0 0.0 132.0 32.0 0.0 0.0 101.0 7715.0 14645.0 1165.0 2.0 137.0 520.0 471.0 0.0 0.0 0.0 0.0 0.0 0.0 0.0 0.0 0.0 108.0 193.0 8.0 0.0 0.0 1011.0 5362.0 
53195.0 0.0 0.0 0.0 376.0 3.0 0.0 0.0 59.0 0.0 0.0 0.0 0.0 0.0 0.0 0.0 2429.0 7.0 0.0 0.0 283.0 237.0 0.0 0.0 185.0 298.0 11.0 0.0 285.0 368.0 6.0 0.0 6931.0 654.0 0.0 0.0 682.0 1497.0 51.0 0.0 27.0 739.0 409.0 0.0 16.0 499.0 606.0 22.0 5537.0 5655.0 18.0 0.0 193.0 8052.0 3998.0 41.0 0.0 494.0 2568.0 762.0 0.0 21.0 400.0 690.0 
44895.0 0.0 0.0 0.0 292.0 0.0 0.0 0.0 0.0 0.0 0.0 0.0 0.0 0.0 0.0 0.0 518.0 0.0 0.0 0.0 5648.0 574.0 0.0 0.0 297.0 88.0 0.0 0.0 0.0 0.0 0.0 0.0 0.0 0.0 0.0 0.0 3765.0 126.0 0.0 0.0 24790.0 7581.0 132.0 0.0 0.0 0.0 0.0 0.0 0.0 0.0 0.0 0.0 0.0 0.0 0.0 0.0 3626.0 5965.0 6.0 0.0 0.0 1.0 0.0 0.0 
23302.0 0.0 0.0 0.0 0.0 0.0 0.0 0.0 0.0 0.0 0.0 0.0 0.0 0.0 0.0 0.0 2002.0 0.0 0.0 0.0 1132.0 7.0 0.0 0.0 0.0 0.0 0.0 0.0 0.0 0.0 0.0 0.0 510.0 0.0 0.0 0.0 5135.0 43.0 0.0 0.0 51097.0 189.0 0.0 0.0 0.0 0.0 0.0 0.0 0.0 0.0 0.0 0.0 40.0 4.0 0.0 0.0 14718.0 125.0 0.0 0.0 0.0 0.0 0.0 0.0 
43327.0 10.0 0.0 0.0 3788.0 1041.0 0.0 0.0 0.0 0.0 0.0 0.0 0.0 0.0 0.0 0.0 231.0 0.0 0.0 0.0 4598.0 1688.0 0.0 0.0 22.0 106.0 6.0 0.0 0.0 0.0 0.0 0.0 0.0 0.0 0.0 0.0 6688.0 16.0 0.0 0.0 23258.0 461.0 4.0 0.0 1.0 7.0 0.0 0.0 0.0 0.0 0.0 0.0 0.0 0.0 0.0 0.0 10568.0 195.0 0.0 0.0 1873.0 393.0 23.0 0.0 
70080.0 0.0 0.0 0.0 10448.0 15.0 0.0 0.0 677.0 10.0 0.0 0.0 0.0 0.0 0.0 0.0 93.0 0.0 0.0 0.0 1416.0 561.0 0.0 0.0 1048.0 330.0 5.0 0.0 0.0 1.0 1.0 0.0 0.0 0.0 0.0 0.0 314.0 84.0 0.0 0.0 2546.0 1548.0 625.0 6.0 0.0 36.0 88.0 8.0 0.0 0.0 0.0 0.0 0.0 0.0 0.0 0.0 1682.0 2265.0 567.0 0.0 23.0 979.0 2167.0 681.0 
31718.0 0.0 0.0 0.0 16139.0 27.0 0.0 0.0 0.0 0.0 0.0 0.0 0.0 0.0 0.0 0.0 1253.0 0.0 0.0 0.0 14248.0 2503.0 0.0 0.0 1494.0 535.0 0.0 0.0 0.0 0.0 0.0 0.0 85.0 12.0 0.0 0.0 697.0 450.0 0.0 0.0 895.0 789.0 8.0 0.0 0.0 0.0 1.0 0.0 24.0 5.0 0.0 0.0 2240.0 21267.0 87.0 0.0 3030.0 471.0 159.0 0.0 147.0 19.0 1.0 0.0 
32268.0 0.0 0.0 0.0 8230.0 104.0 0.0 0.0 0.0 0.0 0.0 0.0 0.0 0.0 0.0 0.0 5908.0 26.0 0.0 0.0 3857.0 4917.0 0.0 0.0 80.0 2715.0 54.0 0.0 0.0 0.0 0.0 0.0 29623.0 221.0 0.0 0.0 2482.0 502.0 0.0 0.0 320.0 646.0 209.0 0.0 0.0 4.0 42.0 0.0 1442.0 544.0 0.0 0.0 804.0 1041.0 99.0 0.0 1464.0 460.0 204.0 0.0 6.0 31.0 1.0 0.0 
20662.0 27015.0 0.0 0.0 2815.0 18407.0 0.0 0.0 0.0 0.0 0.0 0.0 0.0 0.0 0.0 0.0 936.0 263.0 0.0 0.0 1934.0 311.0 0.0 0.0 1132.0 357.0 3.0 0.0 0.0 0.0 0.0 0.0 4931.0 383.0 0.0 0.0 907.0 525.0 0.0 0.0 2213.0 2300.0 123.0 0.0 33.0 1188.0 594.0 2.0 5878.0 1057.0 0.0 0.0 140.0 1018.0 123.0 0.0 43.0 337.0 462.0 35.0 29.0 598.0 1234.0 316.0 
4881.0 428.0 0.0 0.0 23.0 329.0 1334.0 0.0 0.0 0.0 0.0 0.0 0.0 0.0 0.0 0.0 152.0 7.0 0.0 0.0 173.0 1121.0 10283.0 942.0 0.0 8.0 5266.0 71569.0 0.0 0.0 0.0 0.0 13.0 12.0 0.0 0.0 4.0 110.0 61.0 0.0 0.0 48.0 538.0 60.0 0.0 0.0 28.0 36.0 7.0 27.0 0.0 0.0 0.0 15.0 0.0 0.0 0.0 0.0 53.0 8.0 0.0 0.0 119.0 649.0 
3751.0 170.0 0.0 0.0 4.0 28.0 0.0 0.0 0.0 0.0 0.0 0.0 0.0 0.0 0.0 0.0 89.0 31.0 0.0 0.0 22.0 36764.0 52888.0 0.0 0.0 0.0 14.0 0.0 0.0 0.0 0.0 0.0 1.0 0.0 0.0 0.0 4.0 31.0 28.0 0.0 0.0 4.0 2262.0 399.0 0.0 0.0 0.0 8.0 0.0 0.0 0.0 0.0 0.0 0.0 0.0 0.0 0.0 0.0 10.0 91.0 0.0 0.0 0.0 1705.0 
5913.0 174.0 0.0 0.0 66.0 94.0 0.0 0.0 0.0 0.0 0.0 0.0 0.0 0.0 0.0 0.0 26.0 40.0 0.0 0.0 258.0 8748.0 67154.0 0.0 0.0 12.0 8987.0 0.0 0.0 0.0 0.0 0.0 0.0 0.0 0.0 0.0 0.0 16.0 23.0 0.0 0.0 20.0 3092.0 597.0 0.0 0.0 1.0 21.0 0.0 0.0 0.0 0.0 0.0 0.0 0.0 0.0 0.0 0.0 13.0 105.0 0.0 0.0 3.0 2941.0 
3191.0 749.0 0.0 0.0 0.0 124.0 33.0 0.0 0.0 0.0 0.0 0.0 0.0 0.0 0.0 0.0 66.0 40.0 0.0 0.0 23.0 736.0 578.0 5.0 0.0 1.0 635.0 89980.0 0.0 0.0 0.0 0.0 2.0 0.0 0.0 0.0 24.0 112.0 16.0 0.0 1.0 192.0 583.0 544.0 0.0 0.0 12.0 215.0 0.0 0.0 0.0 0.0 0.0 0.0 0.0 0.0 0.0 41.0 23.0 3.0 0.0 0.0 93.0 282.0 
4347.0 1331.0 0.0 0.0 0.0 884.0 10037.0 0.0 0.0 0.0 0.0 0.0 0.0 0.0 0.0 0.0 37.0 32.0 0.0 0.0 0.0 1428.0 69729.0 0.0 0.0 0.0 5675.0 0.0 0.0 0.0 0.0 0.0 0.0 0.0 0.0 0.0 0.0 39.0 41.0 0.0 0.0 0.0 1984.0 672.0 0.0 0.0 0.0 57.0 0.0 0.0 0.0 0.0 0.0 0.0 0.0 0.0 0.0 0.0 30.0 126.0 0.0 0.0 0.0 1855.0 
4572.0 81.0 0.0 0.0 1.0 3.0 0.0 0.0 0.0 0.0 0.0 0.0 0.0 0.0 0.0 0.0 168.0 136.0 0.0 0.0 28.0 1782.0 500.0 0.0 0.0 0.0 3.0 0.0 0.0 0.0 0.0 0.0 1.0 71.0 0.0 0.0 1.0 180.0 449.0 0.0 0.0 1.0 1393.0 12609.0 0.0 0.0 0.0 3766.0 0.0 18.0 0.0 0.0 0.0 2.0 0.0 0.0 0.0 0.0 0.0 31.0 0.0 0.0 1.0 72507.0 
5711.0 834.0 0.0 0.0 4.0 189.0 0.0 0.0 0.0 0.0 0.0 0.0 0.0 0.0 0.0 0.0 686.0 377.0 0.0 0.0 1184.0 4433.0 1025.0 0.0 0.0 0.0 206.0 0.0 0.0 0.0 0.0 0.0 0.0 28.0 0.0 0.0 283.0 109.0 100.0 0.0 25.0 73.0 1851.0 644.0 0.0 0.0 0.0 1162.0 0.0 0.0 0.0 0.0 0.0 0.0 0.0 0.0 0.0 11.0 64.0 98.0 0.0 0.0 25.0 79182.0 
3165.0 544.0 0.0 0.0 0.0 125.0 492.0 47710.0 0.0 0.0 0.0 8804.0 0.0 0.0 0.0 0.0 341.0 448.0 0.0 0.0 46.0 1809.0 1396.0 5516.0 0.0 1.0 197.0 20330.0 0.0 0.0 0.0 0.0 0.0 0.0 0.0 0.0 0.0 107.0 79.0 0.0 0.0 44.0 1284.0 2618.0 0.0 0.0 0.0 2015.0 0.0 0.0 0.0 0.0 0.0 0.0 0.0 0.0 0.0 0.0 57.0 38.0 0.0 0.0 54.0 1084.0 
4307.0 556.0 7.0 0.0 2.0 223.0 7820.0 0.0 0.0 0.0 1279.0 0.0 0.0 0.0 0.0 0.0 118.0 40.0 0.0 0.0 46.0 744.0 1516.0 2.0 0.0 1.0 25577.0 53413.0 0.0 0.0 0.0 0.0 38.0 13.0 0.0 0.0 0.0 24.0 21.0 0.0 0.0 1.0 498.0 510.0 0.0 0.0 0.0 450.0 42.0 2.0 0.0 0.0 0.0 11.0 1.0 0.0 0.0 1.0 18.0 2.0 0.0 0.0 0.0 1021.0 
7328.0 150.0 0.0 0.0 0.0 24.0 0.0 0.0 0.0 0.0 0.0 0.0 0.0 0.0 0.0 0.0 207.0 140.0 0.0 0.0 43.0 3665.0 172.0 0.0 0.0 0.0 46.0 0.0 0.0 0.0 0.0 0.0 0.0 0.0 0.0 0.0 0.0 137.0 340.0 0.0 0.0 12.0 1965.0 152.0 0.0 0.0 0.0 9871.0 0.0 0.0 0.0 0.0 0.0 0.0 0.0 0.0 0.0 0.0 0.0 5.0 0.0 0.0 1.0 74046.0 
4027.0 393.0 0.0 0.0 4.0 56.0 0.0 0.0 0.0 0.0 0.0 0.0 0.0 0.0 0.0 0.0 153.0 78.0 0.0 0.0 116.0 3456.0 1010.0 0.0 0.0 2.0 18.0 0.0 0.0 0.0 0.0 0.0 0.0 0.0 0.0 0.0 1.0 76.0 170.0 0.0 2.0 62.0 1888.0 1069.0 0.0 0.0 0.0 15440.0 0.0 0.0 0.0 0.0 0.0 0.0 0.0 0.0 0.0 5.0 48.0 62.0 0.0 0.0 34.0 70134.0 
4810.0 26.0 0.0 0.0 1.0 13.0 0.0 0.0 0.0 0.0 0.0 0.0 0.0 0.0 0.0 0.0 0.0 0.0 0.0 0.0 0.0 251.0 25.0 0.0 0.0 0.0 9.0 0.0 0.0 0.0 0.0 0.0 0.0 0.0 0.0 0.0 0.0 1.0 0.0 0.0 0.0 0.0 352.0 1096.0 0.0 0.0 1.0 8571.0 0.0 0.0 0.0 0.0 0.0 0.0 0.0 0.0 0.0 0.0 0.0 1.0 0.0 0.0 4.0 83143.0 
2205.0 155.0 0.0 0.0 34.0 173.0 7.0 0.0 0.0 0.0 0.0 0.0 0.0 0.0 0.0 0.0 4.0 2.0 0.0 0.0 47.0 2189.0 266.0 0.0 0.0 96.0 259.0 0.0 0.0 0.0 0.0 0.0 0.0 0.0 0.0 0.0 0.0 8.0 4.0 0.0 0.0 50.0 2867.0 1275.0 0.0 0.0 1.0 20955.0 0.0 0.0 0.0 0.0 0.0 0.0 0.0 0.0 0.0 0.0 6.0 10.0 0.0 0.0 0.0 67691.0 
4406.0 2235.0 54.0 0.0 0.0 302.0 19356.0 49854.0 0.0 0.0 12.0 11401.0 0.0 0.0 0.0 0.0 1886.0 163.0 0.0 0.0 40.0 936.0 940.0 133.0 0.0 0.0 165.0 3221.0 0.0 0.0 0.0 0.0 22.0 0.0 0.0 0.0 35.0 1322.0 1030.0 0.0 0.0 6.0 421.0 59.0 0.0 0.0 0.0 7.0 0.0 0.0 0.0 0.0 0.0 5.0 63.0 0.0 0.0 0.0 31.0 18.0 0.0 0.0 6.0 175.0 
1931.0 1561.0 5.0 0.0 0.0 10.0 2533.0 13052.0 0.0 0.0 0.0 0.0 0.0 0.0 0.0 0.0 2.0 110.0 1.0 0.0 0.0 292.0 11235.0 64046.0 0.0 0.0 25.0 1813.0 0.0 0.0 0.0 0.0 0.0 0.0 0.0 0.0 0.0 0.0 112.0 16.0 0.0 0.0 252.0 1196.0 0.0 0.0 0.0 0.0 0.0 0.0 0.0 0.0 0.0 0.0 0.0 0.0 0.0 0.0 0.0 33.0 0.0 0.0 0.0 79.0 
9401.0 28.0 0.0 0.0 7032.0 170.0 0.0 0.0 0.0 0.0 0.0 0.0 0.0 0.0 0.0 0.0 1005.0 9.0 0.0 0.0 19800.0 35495.0 0.0 0.0 2668.0 6373.0 0.0 0.0 0.0 0.0 0.0 0.0 6.0 0.0 0.0 0.0 45.0 1000.0 23.0 0.0 6319.0 4703.0 731.0 0.0 2.0 80.0 7.0 0.0 0.0 0.0 0.0 0.0 0.0 1.0 0.0 0.0 1.0 72.0 772.0 2.0 1.0 74.0 232.0 2252.0 
21682.0 2.0 0.0 0.0 11743.0 137.0 0.0 0.0 0.0 0.0 0.0 0.0 0.0 0.0 0.0 0.0 882.0 0.0 0.0 0.0 16753.0 8181.0 7.0 0.0 8108.0 7530.0 2.0 0.0 0.0 0.0 0.0 0.0 0.0 0.0 0.0 0.0 181.0 1088.0 30.0 0.0 4193.0 5368.0 1489.0 0.0 106.0 2074.0 235.0 0.0 0.0 0.0 0.0 0.0 0.0 0.0 0.0 0.0 0.0 3.0 1011.0 520.0 88.0 1671.0 477.0 4743.0 
27006.0 16.0 0.0 0.0 13641.0 185.0 0.0 0.0 0.0 0.0 0.0 0.0 0.0 0.0 0.0 0.0 1799.0 184.0 0.0 0.0 22391.0 20951.0 14.0 0.0 931.0 2128.0 1.0 0.0 0.0 0.0 0.0 0.0 97.0 9.0 0.0 0.0 160.0 1405.0 37.0 0.0 1826.0 3451.0 666.0 0.0 0.0 24.0 3.0 0.0 0.0 0.0 0.0 0.0 1.0 65.0 0.0 0.0 0.0 23.0 257.0 25.0 0.0 25.0 50.0 933.0 
11625.0 500.0 0.0 0.0 5036.0 631.0 0.0 0.0 0.0 0.0 0.0 0.0 0.0 0.0 0.0 0.0 653.0 103.0 0.0 0.0 17277.0 40669.0 51.0 0.0 2340.0 4787.0 5.0 0.0 0.0 0.0 0.0 0.0 0.0 0.0 0.0 0.0 21.0 1131.0 136.0 0.0 2121.0 5649.0 1898.0 1.0 6.0 589.0 148.0 0.0 0.0 0.0 0.0 0.0 0.0 0.0 0.0 0.0 0.0 0.0 906.0 303.0 0.0 178.0 155.0 1385.0 
16522.0 30.0 0.0 0.0 9727.0 1065.0 71.0 0.0 1.0 9.0 18.0 0.0 0.0 0.0 0.0 0.0 2458.0 0.0 0.0 0.0 10861.0 14835.0 97.0 0.0 1715.0 12353.0 2258.0 306.0 0.0 0.0 6.0 94.0 136.0 0.0 0.0 0.0 2730.0 3406.0 0.0 0.0 0.0 10197.0 3772.0 138.0 0.0 215.0 355.0 1109.0 0.0 0.0 0.0 0.0 0.0 70.0 0.0 0.0 0.0 441.0 1164.0 0.0 0.0 0.0 943.0 1202.0 
54349.0 143.0 0.0 0.0 9582.0 616.0 0.0 0.0 0.0 0.0 0.0 0.0 0.0 0.0 0.0 0.0 10289.0 29.0 0.0 0.0 6099.0 4107.0 189.0 0.0 0.0 7.0 1.0 0.0 0.0 0.0 0.0 0.0 203.0 0.0 0.0 0.0 182.0 863.0 108.0 0.0 0.0 500.0 2015.0 50.0 0.0 0.0 0.0 0.0 0.0 0.0 0.0 0.0 0.0 0.0 0.0 0.0 0.0 23.0 2409.0 147.0 0.0 0.0 1003.0 5390.0 
10201.0 0.0 0.0 0.0 6505.0 55.0 0.0 0.0 0.0 0.0 0.0 0.0 0.0 0.0 0.0 0.0 10375.0 6.0 0.0 0.0 42151.0 8031.0 719.0 0.0 1.0 213.0 377.0 0.0 0.0 0.0 0.0 0.0 1430.0 0.0 0.0 0.0 2004.0 1227.0 29.0 0.0 0.0 693.0 1576.0 30.0 0.0 0.0 17.0 1.0 0.0 0.0 0.0 0.0 2.0 58.0 0.0 0.0 0.0 311.0 322.0 2.0 0.0 0.0 2238.0 9730.0 
4727.0 90.0 0.0 0.0 2137.0 398.0 0.0 0.0 2.0 0.0 0.0 0.0 0.0 0.0 0.0 0.0 625.0 106.0 0.0 0.0 9697.0 4444.0 21.0 0.0 11615.0 22587.0 3.0 0.0 0.0 0.0 0.0 0.0 78.0 4.0 0.0 0.0 362.0 1180.0 38.0 0.0 10254.0 14521.0 300.0 6.0 2469.0 4731.0 129.0 0.0 0.0 0.0 0.0 0.0 1.0 497.0 0.0 0.0 0.0 41.0 164.0 51.0 1668.0 3038.0 289.0 2031.0 
22795.0 53.0 0.0 0.0 14106.0 1704.0 197.0 0.0 0.0 0.0 0.0 0.0 0.0 0.0 0.0 0.0 2872.0 8.0 0.0 0.0 14652.0 15384.0 491.0 0.0 637.0 6279.0 1541.0 528.0 0.0 0.0 0.0 0.0 77.0 0.0 0.0 0.0 693.0 3522.0 33.0 0.0 0.0 3282.0 3066.0 59.0 0.0 0.0 51.0 18.0 0.0 0.0 0.0 0.0 0.0 0.0 0.0 0.0 0.0 115.0 1248.0 0.0 0.0 0.0 1019.0 3874.0 
49766.0 19.0 0.0 0.0 22667.0 60.0 0.0 0.0 0.0 0.0 0.0 0.0 0.0 0.0 0.0 0.0 3003.0 5.0 0.0 0.0 7057.0 6347.0 9.0 0.0 5.0 580.0 2.0 0.0 0.0 0.0 0.0 0.0 0.0 0.0 0.0 0.0 51.0 984.0 58.0 0.0 0.0 640.0 2138.0 0.0 0.0 0.0 0.0 0.0 0.0 0.0 0.0 0.0 0.0 0.0 0.0 0.0 0.0 91.0 2110.0 251.0 0.0 0.0 244.0 2217.0 
39143.0 300.0 0.0 0.0 7423.0 733.0 0.0 0.0 0.0 0.0 0.0 0.0 0.0 0.0 0.0 0.0 2316.0 49.0 0.0 0.0 19510.0 9667.0 2203.0 0.0 316.0 6067.0 822.0 0.0 0.0 0.0 0.0 0.0 552.0 0.0 0.0 0.0 1007.0 1243.0 74.0 0.0 0.0 508.0 2139.0 1690.0 0.0 0.0 0.0 51.0 0.0 0.0 0.0 0.0 5.0 16.0 0.0 0.0 0.0 124.0 488.0 89.0 0.0 1.0 493.0 1275.0 
