13965.0 8104.0 4781.0 3993.0 3107.0 2501.0 2300.0 2327.0 3038.0 4356.0 5856.0 7448.0 7599.0 6852.0 5856.0 3893.0 2727.0 2013.0 742.0 609.0 1621.0 2387.0 1969.0 259.0 1.0 0.0 
2256.0 5239.0 7597.0 9993.0 10075.0 8498.0 7845.0 6811.0 5394.0 3459.0 1928.0 976.0 647.0 564.0 659.0 1111.0 1442.0 2471.0 3104.0 3444.0 4053.0 3594.0 6615.0 456.0 70.0 3.0 
432.0 845.0 1427.0 2060.0 2527.0 3110.0 3807.0 5012.0 6842.0 8080.0 10294.0 12159.0 12172.0 14947.0 11930.0 2064.0 432.0 93.0 31.0 23.0 11.0 4.0 2.0 0.0 0.0 0.0 
6578.0 15331.0 2536.0 2888.0 2713.0 2698.0 2242.0 1975.0 1727.0 1571.0 2087.0 3524.0 5780.0 7673.0 7030.0 6347.0 4298.0 3855.0 4470.0 5362.0 3590.0 2122.0 1702.0 190.0 15.0 0.0 
2124.0 4583.0 2142.0 2642.0 3891.0 4117.0 3940.0 3772.0 3690.0 4777.0 6172.0 7358.0 7531.0 8043.0 5812.0 4356.0 5218.0 5675.0 4898.0 3244.0 1853.0 1174.0 890.0 370.0 30.0 2.0 
3330.0 10314.0 6188.0 4767.0 4329.0 4485.0 4801.0 5807.0 7517.0 8430.0 7401.0 4254.0 2593.0 2403.0 2003.0 1759.0 1544.0 1752.0 1816.0 1737.0 2744.0 3916.0 3406.0 772.0 229.0 7.0 
4810.0 5019.0 3342.0 3104.0 3469.0 4116.0 4601.0 4436.0 3989.0 3374.0 3275.0 3100.0 3064.0 3049.0 2960.0 2977.0 3762.0 6042.0 7605.0 4982.0 9126.0 7151.0 522.0 355.0 74.0 0.0 
1575.0 4290.0 5623.0 6411.0 7164.0 7824.0 8163.0 8519.0 9374.0 9090.0 7145.0 4448.0 3642.0 2463.0 474.0 250.0 101.0 59.0 50.0 54.0 300.0 1184.0 9919.0 181.0 1.0 0.0 
6173.0 6614.0 5188.0 5864.0 5078.0 3812.0 4326.0 6147.0 8617.0 9090.0 7897.0 5542.0 4668.0 3426.0 2501.0 1538.0 642.0 317.0 225.0 134.0 119.0 106.0 10102.0 178.0 0.0 0.0 
1922.0 6423.0 10953.0 8376.0 8173.0 10065.0 8416.0 7157.0 5877.0 4525.0 6214.0 2468.0 668.0 403.0 323.0 286.0 286.0 274.0 248.0 262.0 290.0 436.0 13109.0 1047.0 100.0 3.0 
1504.0 3291.0 4095.0 4633.0 4913.0 5768.0 10778.0 16304.0 17358.0 11795.0 4348.0 3271.0 2778.0 2408.0 1307.0 458.0 290.0 295.0 310.0 340.0 514.0 389.0 949.0 198.0 10.0 0.0 
2074.0 4331.0 3905.0 3516.0 3657.0 4256.0 5437.0 6788.0 7575.0 5741.0 5758.0 14462.0 13262.0 6544.0 3223.0 1685.0 1256.0 905.0 833.0 606.0 555.0 657.0 1101.0 159.0 18.0 0.0 
2592.0 3759.0 2562.0 2275.0 2373.0 2450.0 2535.0 2951.0 3399.0 4173.0 6012.0 9831.0 13299.0 12636.0 8547.0 4907.0 2290.0 820.0 336.0 128.0 73.0 85.0 9558.0 704.0 9.0 0.0 
8265.0 2176.0 1581.0 2097.0 3116.0 4073.0 5407.0 6311.0 6762.0 7384.0 8804.0 9763.0 6943.0 2768.0 661.0 168.0 91.0 155.0 723.0 2539.0 4801.0 2726.0 10913.0 70.0 7.0 0.0 
6262.0 10194.0 8304.0 6722.0 5961.0 6054.0 6226.0 7045.0 8321.0 8474.0 6321.0 2470.0 755.0 412.0 357.0 266.0 275.0 258.0 299.0 652.0 1596.0 2184.0 8443.0 420.0 33.0 0.0 
1747.0 3205.0 2705.0 2938.0 3706.0 4649.0 5924.0 6779.0 7139.0 7210.0 8624.0 8806.0 9296.0 6948.0 5160.0 6564.0 4615.0 1672.0 436.0 126.0 42.0 12.0 1.0 0.0 0.0 0.0 
2705.0 7215.0 3542.0 3612.0 4921.0 6590.0 7735.0 7881.0 6941.0 5168.0 3935.0 5146.0 5204.0 5618.0 3308.0 4213.0 3604.0 3849.0 4933.0 833.0 552.0 379.0 228.0 154.0 37.0 1.0 
145.0 964.0 1784.0 4189.0 7713.0 9936.0 11736.0 11987.0 9744.0 8490.0 7509.0 6319.0 4611.0 3110.0 2512.0 1921.0 1506.0 1221.0 803.0 505.0 471.0 388.0 415.0 277.0 46.0 2.0 
1359.0 1481.0 2061.0 2252.0 2518.0 3022.0 3585.0 4294.0 5759.0 7687.0 9981.0 13064.0 13057.0 5837.0 1775.0 993.0 1144.0 1631.0 2246.0 3773.0 4450.0 3329.0 2727.0 268.0 11.0 0.0 
675.0 1674.0 2152.0 2186.0 2628.0 3326.0 4128.0 5059.0 6679.0 9782.0 14892.0 16364.0 12851.0 7376.0 3416.0 1375.0 755.0 645.0 438.0 376.0 311.0 384.0 536.0 257.0 39.0 0.0 
1183.0 1561.0 1684.0 1574.0 1665.0 1651.0 1871.0 2287.0 2924.0 3530.0 4414.0 5404.0 6467.0 8122.0 9199.0 7704.0 5036.0 2919.0 2826.0 7623.0 8104.0 10358.0 180.0 17.0 1.0 0.0 
2376.0 2138.0 1403.0 1119.0 1011.0 1093.0 1467.0 2345.0 4331.0 7507.0 11564.0 14387.0 12155.0 5889.0 1869.0 668.0 266.0 897.0 1842.0 4213.0 6954.0 7077.0 5486.0 230.0 17.0 0.0 
2164.0 1099.0 723.0 864.0 1374.0 2273.0 3731.0 6318.0 9031.0 9836.0 9576.0 9432.0 7739.0 4595.0 2923.0 2965.0 4266.0 4361.0 4493.0 4119.0 2794.0 1884.0 1435.0 296.0 13.0 0.0 
2083.0 1341.0 1982.0 3957.0 7167.0 8686.0 7074.0 5413.0 4980.0 4928.0 5909.0 6161.0 6290.0 5377.0 4631.0 5179.0 5348.0 4078.0 2943.0 2282.0 1168.0 551.0 549.0 220.0 7.0 0.0 
139.0 175.0 216.0 297.0 562.0 927.0 1232.0 1710.0 2616.0 3823.0 6058.0 7047.0 5684.0 4170.0 2863.0 1813.0 1095.0 722.0 457.0 278.0 205.0 230.0 1453.0 7910.0 8523.0 296.0 
3564.0 4640.0 4856.0 4967.0 5497.0 5901.0 6407.0 6989.0 7847.0 8477.0 9123.0 9119.0 8047.0 5796.0 3720.0 1854.0 854.0 384.0 184.0 60.0 17.0 0.0 1.0 0.0 0.0 0.0 
1670.0 3545.0 3618.0 3804.0 4034.0 4421.0 4924.0 5526.0 6165.0 6688.0 7455.0 8076.0 7967.0 7021.0 4521.0 2417.0 1641.0 2243.0 3971.0 5003.0 2845.0 567.0 147.0 28.0 7.0 0.0 
67.0 1722.0 3583.0 4797.0 6716.0 7840.0 8140.0 8272.0 8247.0 7842.0 7672.0 8096.0 10446.0 9371.0 4091.0 917.0 261.0 104.0 44.0 29.0 20.0 17.0 8.0 2.0 0.0 0.0 
434.0 1535.0 2344.0 2704.0 3335.0 3673.0 4018.0 4127.0 4238.0 4576.0 5126.0 5736.0 6529.0 7691.0 9357.0 9577.0 7965.0 7815.0 5673.0 1524.0 293.0 30.0 2.0 2.0 0.0 0.0 
201.0 876.0 1725.0 1816.0 1859.0 1733.0 1900.0 2015.0 2464.0 2878.0 4080.0 5547.0 8142.0 11146.0 12089.0 9511.0 6689.0 7440.0 8846.0 5489.0 1732.0 109.0 15.0 2.0 0.0 0.0 
983.0 2158.0 4235.0 7625.0 8738.0 8882.0 8931.0 7924.0 7302.0 6426.0 5754.0 5360.0 5243.0 4895.0 4480.0 3378.0 2313.0 1439.0 933.0 560.0 417.0 231.0 70.0 20.0 7.0 0.0 
427.0 1129.0 1854.0 2384.0 3067.0 3388.0 3957.0 4556.0 5376.0 6186.0 7082.0 7875.0 8244.0 7609.0 7265.0 7145.0 7884.0 6838.0 3900.0 1613.0 430.0 79.0 15.0 1.0 0.0 0.0 
1.0 1185.0 16908.0 9360.0 8311.0 5027.0 5354.0 5169.0 4310.0 4389.0 5417.0 6147.0 4910.0 5947.0 5303.0 3519.0 1894.0 1244.0 879.0 654.0 244.0 120.0 1889.0 123.0 0.0 0.0 
14383.0 6331.0 3638.0 3534.0 3304.0 2789.0 2601.0 2916.0 8983.0 7571.0 6476.0 5484.0 5285.0 4932.0 3187.0 1515.0 1288.0 1357.0 1854.0 3491.0 6538.0 90.0 700.0 57.0 0.0 0.0 
0.0 0.0 91.0 1787.0 6766.0 7358.0 5558.0 6163.0 5852.0 8120.0 11514.0 12525.0 11574.0 10963.0 6500.0 2310.0 1033.0 185.0 5.0 0.0 0.0 0.0 0.0 0.0 0.0 0.0 
860.0 5034.0 7871.0 5917.0 5745.0 4496.0 3213.0 4323.0 6224.0 9020.0 14879.0 15848.0 7857.0 4646.0 1774.0 333.0 39.0 21.0 29.0 23.0 94.0 56.0 2.0 0.0 0.0 0.0 
4427.0 6554.0 726.0 751.0 542.0 488.0 17655.0 55084.0 914.0 1078.0 2266.0 2883.0 2493.0 1846.0 597.0 0.0 0.0 0.0 0.0 0.0 0.0 0.0 0.0 0.0 0.0 0.0 
10611.0 16523.0 8018.0 3393.0 3826.0 4877.0 5733.0 3197.0 4091.0 4449.0 6664.0 6617.0 6940.0 5535.0 4215.0 3062.0 528.0 25.0 0.0 0.0 0.0 0.0 0.0 0.0 0.0 0.0 
669.0 14617.0 17113.0 12352.0 7231.0 6045.0 6362.0 5932.0 6182.0 4949.0 4139.0 3555.0 2975.0 4451.0 1460.0 237.0 32.0 3.0 0.0 0.0 0.0 0.0 0.0 0.0 0.0 0.0 
20814.0 9824.0 6007.0 3628.0 2772.0 2962.0 3798.0 3713.0 4054.0 5431.0 7530.0 7372.0 10362.0 5548.0 2218.0 1559.0 685.0 25.0 1.0 1.0 0.0 0.0 0.0 0.0 0.0 0.0 
400.0 12172.0 10094.0 6289.0 6814.0 8197.0 11742.0 7939.0 5053.0 4564.0 4919.0 4674.0 4243.0 3200.0 2547.0 1895.0 1632.0 1406.0 501.0 20.0 3.0 0.0 0.0 0.0 0.0 0.0 
66260.0 4542.0 324.0 358.0 4777.0 7747.0 2726.0 2265.0 2346.0 1952.0 1411.0 895.0 552.0 395.0 298.0 263.0 271.0 189.0 207.0 474.0 52.0 0.0 0.0 0.0 0.0 0.0 
79948.0 2510.0 1370.0 1116.0 2307.0 1906.0 1357.0 1133.0 1121.0 819.0 699.0 451.0 386.0 329.0 268.0 222.0 232.0 218.0 315.0 1318.0 248.0 30.0 1.0 0.0 0.0 0.0 
9357.0 7337.0 17643.0 16635.0 18416.0 10271.0 5043.0 4310.0 2993.0 2163.0 1490.0 964.0 522.0 299.0 218.0 208.0 175.0 112.0 81.0 45.0 18.0 4.0 0.0 0.0 0.0 0.0 
1628.0 5240.0 9394.0 13250.0 13123.0 9271.0 7808.0 7165.0 6914.0 8622.0 10509.0 3186.0 1022.0 277.0 78.0 23.0 22.0 21.0 18.0 40.0 273.0 418.0 2.0 0.0 0.0 0.0 
26966.0 7732.0 5377.0 5831.0 4496.0 3483.0 2634.0 2969.0 4050.0 4662.0 4036.0 3127.0 2831.0 3449.0 4229.0 5961.0 4801.0 1193.0 380.0 90.0 6.0 1.0 0.0 0.0 0.0 0.0 
16101.0 12421.0 13107.0 9786.0 9161.0 10146.0 5006.0 3713.0 2426.0 2425.0 2319.0 2254.0 2131.0 1735.0 1217.0 1241.0 1117.0 791.0 717.0 371.0 116.0 3.0 0.0 0.0 0.0 0.0 
26453.0 6692.0 5647.0 4666.0 5514.0 8688.0 6020.0 5407.0 5826.0 5772.0 4365.0 4088.0 2273.0 1532.0 1129.0 863.0 616.0 618.0 891.0 846.0 375.0 23.0 0.0 0.0 0.0 0.0 
0.0 0.0 0.0 0.0 1.0 7.0 17.0 21.0 14.0 45.0 203.0 798.0 8728.0 7222.0 2806.0 1429.0 1177.0 1597.0 1437.0 5947.0 13749.0 10580.0 41408.0 1108.0 9.0 1.0 
115.0 186.0 374.0 760.0 840.0 1392.0 2386.0 754.0 681.0 1039.0 1428.0 1512.0 1080.0 1052.0 1029.0 4963.0 19731.0 10613.0 26943.0 21222.0 182.0 18.0 4.0 0.0 0.0 0.0 
127.0 248.0 440.0 2171.0 2235.0 1357.0 872.0 812.0 833.0 2697.0 5678.0 3835.0 1692.0 1411.0 1408.0 1349.0 1290.0 1569.0 4452.0 11878.0 12671.0 19754.0 19228.0 287.0 10.0 0.0 
535.0 989.0 1395.0 1066.0 1475.0 2279.0 11033.0 5382.0 2463.0 2247.0 1987.0 1821.0 1597.0 1256.0 1142.0 991.0 1738.0 10445.0 7147.0 9233.0 9836.0 10440.0 11728.0 67.0 12.0 0.0 
131.0 449.0 597.0 1435.0 1717.0 1267.0 1613.0 3388.0 2473.0 1951.0 1631.0 1570.0 1122.0 748.0 689.0 757.0 968.0 1078.0 4881.0 6719.0 13957.0 22993.0 25853.0 307.0 10.0 0.0 
98.0 122.0 86.0 103.0 500.0 2649.0 3029.0 1452.0 1647.0 1839.0 1037.0 606.0 669.0 809.0 1238.0 6246.0 9551.0 11836.0 20923.0 33388.0 461.0 15.0 0.0 0.0 0.0 0.0 
3813.0 2752.0 1427.0 2304.0 7782.0 15229.0 11611.0 7613.0 5989.0 5070.0 4174.0 3285.0 2489.0 1913.0 1934.0 2078.0 2580.0 4094.0 11480.0 609.0 75.0 3.0 0.0 0.0 0.0 0.0 
0.0 0.0 0.0 1.0 55.0 904.0 4717.0 3978.0 2017.0 1297.0 1046.0 1529.0 1466.0 1744.0 1275.0 992.0 1018.0 1638.0 6278.0 10249.0 9580.0 12452.0 35926.0 142.0 0.0 0.0 
14350.0 1369.0 1484.0 2897.0 2842.0 2564.0 2937.0 3500.0 4493.0 6711.0 9083.0 11817.0 12039.0 16169.0 5813.0 63.0 9.0 7.0 19.0 23.0 96.0 19.0 0.0 0.0 0.0 0.0 
1223.0 2005.0 2669.0 4161.0 4792.0 5333.0 6002.0 8723.0 13708.0 15160.0 11478.0 7426.0 5046.0 3554.0 2117.0 1382.0 802.0 507.0 297.0 244.0 269.0 591.0 815.0 0.0 0.0 0.0 
2.0 132.0 12202.0 7242.0 4251.0 1600.0 1102.0 1213.0 5855.0 6390.0 15753.0 18652.0 15778.0 6378.0 1004.0 264.0 152.0 124.0 126.0 68.0 14.0 2.0 0.0 0.0 0.0 0.0 
0.0 1.0 19944.0 5115.0 1295.0 1017.0 951.0 1351.0 2137.0 3794.0 9510.0 17956.0 17649.0 10644.0 2726.0 1589.0 1139.0 771.0 333.0 195.0 139.0 45.0 3.0 0.0 0.0 0.0 
43.0 9718.0 7031.0 9817.0 10328.0 10483.0 10211.0 8027.0 7261.0 6358.0 5654.0 5123.0 3796.0 2083.0 740.0 466.0 315.0 265.0 185.0 127.0 93.0 65.0 100.0 15.0 0.0 0.0 
0.0 0.0 939.0 740.0 1656.0 3570.0 2288.0 2019.0 2662.0 2851.0 5374.0 6621.0 4678.0 4911.0 4975.0 5069.0 7164.0 13015.0 20827.0 8770.0 174.0 1.0 0.0 0.0 0.0 0.0 
0.0 220.0 1552.0 2006.0 2963.0 8311.0 12850.0 13266.0 14498.0 11747.0 11116.0 6269.0 3782.0 2898.0 1983.0 1401.0 989.0 654.0 514.0 423.0 543.0 315.0 4.0 0.0 0.0 0.0 
0.0 0.0 656.0 5957.0 17477.0 10986.0 10841.0 9330.0 9383.0 7505.0 5473.0 4360.0 4160.0 3875.0 4280.0 3332.0 654.0 27.0 6.0 2.0 0.0 0.0 0.0 0.0 0.0 0.0 
0.0 7.0 3921.0 4193.0 5958.0 10489.0 15955.0 9499.0 4297.0 3111.0 2787.0 3483.0 4539.0 5317.0 6203.0 7114.0 5768.0 3113.0 1701.0 689.0 156.0 4.0 0.0 0.0 0.0 0.0 
5889.0 12251.0 2982.0 2448.0 1191.0 909.0 1022.0 1543.0 2846.0 4753.0 10386.0 12211.0 6280.0 5759.0 3919.0 3643.0 3149.0 3986.0 5872.0 3303.0 2575.0 580.0 621.0 177.0 9.0 0.0 
49593.0 2328.0 1399.0 1154.0 1690.0 2250.0 3540.0 3200.0 3061.0 3422.0 4019.0 3781.0 3432.0 3113.0 2818.0 2546.0 1998.0 1575.0 1117.0 733.0 570.0 469.0 365.0 123.0 8.0 0.0 
1154.0 39402.0 1970.0 1166.0 960.0 842.0 844.0 907.0 1080.0 1420.0 2260.0 3209.0 4687.0 6319.0 9985.0 10973.0 6762.0 4269.0 95.0 0.0 0.0 0.0 0.0 0.0 0.0 0.0 
1.0 18023.0 4279.0 699.0 752.0 922.0 748.0 606.0 570.0 466.0 595.0 2684.0 10736.0 17643.0 18013.0 14962.0 6589.0 16.0 0.0 0.0 0.0 0.0 0.0 0.0 0.0 0.0 
15904.0 8366.0 7524.0 6224.0 4197.0 3485.0 2452.0 1891.0 1501.0 1712.0 2623.0 4669.0 8312.0 8050.0 3897.0 4506.0 6326.0 4182.0 1921.0 457.0 72.0 25.0 7.0 1.0 0.0 0.0 
1002.0 64228.0 2366.0 1920.0 2246.0 3266.0 3361.0 1694.0 1264.0 1184.0 982.0 808.0 788.0 865.0 1217.0 1549.0 1990.0 2109.0 1729.0 1557.0 1105.0 627.0 353.0 86.0 8.0 0.0 
17304.0 5263.0 3746.0 3334.0 4258.0 5421.0 5858.0 6583.0 5793.0 4294.0 3852.0 5175.0 11933.0 8458.0 3071.0 1825.0 1154.0 518.0 305.0 146.0 12.0 1.0 0.0 0.0 0.0 0.0 
10.0 2255.0 14535.0 8309.0 10697.0 20769.0 17368.0 4674.0 3675.0 2953.0 2555.0 2504.0 2440.0 1727.0 1265.0 1032.0 690.0 513.0 263.0 61.0 9.0 0.0 0.0 0.0 0.0 0.0 
0.0 0.0 30.0 2613.0 34889.0 30160.0 7961.0 3955.0 2562.0 1854.0 1410.0 1363.0 1231.0 1405.0 1400.0 1228.0 1187.0 1269.0 1193.0 923.0 708.0 523.0 350.0 85.0 5.0 0.0 
623.0 1137.0 1330.0 924.0 778.0 567.0 480.0 431.0 456.0 794.0 2948.0 12696.0 44746.0 19802.0 9243.0 122.0 114.0 137.0 129.0 171.0 125.0 156.0 223.0 155.0 17.0 0.0 
808.0 804.0 1057.0 645.0 318.0 260.0 335.0 1848.0 7417.0 22460.0 38104.0 19234.0 522.0 280.0 481.0 699.0 498.0 344.0 343.0 384.0 356.0 302.0 505.0 275.0 24.0 1.0 
877.0 739.0 1093.0 1236.0 1117.0 897.0 675.0 769.0 1009.0 4969.0 18016.0 30326.0 25195.0 5327.0 376.0 342.0 765.0 891.0 571.0 376.0 393.0 722.0 1112.0 470.0 40.0 1.0 
1121.0 695.0 736.0 687.0 408.0 276.0 246.0 259.0 220.0 181.0 205.0 947.0 7994.0 59684.0 22604.0 560.0 343.0 281.0 269.0 394.0 143.0 46.0 5.0 0.0 0.0 0.0 
1045.0 828.0 431.0 955.0 1281.0 1044.0 548.0 557.0 3148.0 17263.0 22017.0 29647.0 14288.0 679.0 397.0 399.0 547.0 569.0 550.0 510.0 384.0 384.0 481.0 293.0 56.0 3.0 
2274.0 912.0 472.0 427.0 362.0 285.0 240.0 337.0 382.0 596.0 489.0 451.0 642.0 598.0 432.0 205.0 190.0 999.0 8942.0 17452.0 33320.0 16952.0 10739.0 579.0 27.0 0.0 
383.0 2029.0 1183.0 892.0 1236.0 1274.0 1233.0 1698.0 2311.0 582.0 715.0 670.0 810.0 700.0 603.0 386.0 384.0 348.0 446.0 595.0 10183.0 24886.0 43832.0 880.0 44.0 1.0 
317.0 611.0 578.0 663.0 782.0 918.0 872.0 617.0 613.0 15997.0 28395.0 17406.0 8907.0 11261.0 2281.0 1509.0 1238.0 1259.0 1249.0 1370.0 546.0 211.0 417.0 257.0 30.0 0.0 
537.0 1386.0 1031.0 839.0 654.0 443.0 347.0 457.0 1376.0 2200.0 3640.0 7745.0 13853.0 22477.0 38180.0 1172.0 253.0 141.0 131.0 269.0 298.0 273.0 327.0 213.0 57.0 5.0 
3200.0 2048.0 982.0 463.0 409.0 459.0 408.0 359.0 446.0 612.0 798.0 1072.0 1060.0 841.0 565.0 297.0 111.0 74.0 185.0 2181.0 29642.0 32530.0 19221.0 291.0 45.0 5.0 
770.0 931.0 715.0 466.0 639.0 773.0 780.0 757.0 780.0 706.0 732.0 752.0 706.0 622.0 507.0 447.0 391.0 433.0 489.0 12074.0 38809.0 25383.0 8725.0 622.0 271.0 24.0 
3438.0 967.0 168.0 100.0 88.0 64.0 48.0 53.0 47.0 29.0 46.0 45.0 43.0 45.0 39.0 48.0 63.0 62.0 854.0 11130.0 54326.0 23205.0 2990.0 321.0 80.0 5.0 
507.0 380.0 259.0 429.0 363.0 334.0 352.0 328.0 416.0 398.0 389.0 459.0 797.0 689.0 530.0 639.0 698.0 417.0 2366.0 10179.0 34129.0 27090.0 15826.0 284.0 45.0 1.0 
1661.0 1165.0 941.0 964.0 1648.0 1747.0 3283.0 7876.0 15740.0 22582.0 20022.0 14164.0 3422.0 1302.0 871.0 512.0 105.0 41.0 45.0 39.0 52.0 83.0 35.0 4.0 0.0 0.0 
158.0 500.0 957.0 972.0 501.0 317.0 213.0 485.0 7732.0 14838.0 23019.0 26903.0 17940.0 2284.0 514.0 439.0 226.0 111.0 74.0 45.0 28.0 15.0 17.0 15.0 1.0 0.0 
1251.0 2117.0 2008.0 1595.0 2005.0 2980.0 3580.0 5126.0 8402.0 12749.0 17925.0 16151.0 9473.0 4700.0 2264.0 1506.0 874.0 561.0 359.0 267.0 225.0 398.0 1498.0 262.0 28.0 0.0 
1775.0 3802.0 4678.0 5286.0 4997.0 4657.0 4575.0 5320.0 6710.0 8573.0 9800.0 8208.0 6010.0 4280.0 3146.0 2590.0 2190.0 2033.0 1879.0 1691.0 1947.0 2285.0 1654.0 191.0 26.0 1.0 
1935.0 4247.0 4886.0 5748.0 7186.0 8366.0 9423.0 9513.0 9551.0 9853.0 10082.0 7309.0 3985.0 2290.0 1233.0 775.0 415.0 271.0 149.0 125.0 103.0 126.0 501.0 217.0 15.0 0.0 
697.0 1673.0 2196.0 2865.0 2869.0 3115.0 2962.0 4219.0 10393.0 21608.0 19194.0 8241.0 4399.0 3126.0 2607.0 2108.0 1682.0 1204.0 945.0 728.0 473.0 317.0 510.0 164.0 9.0 0.0 
2057.0 2870.0 2951.0 3351.0 3935.0 4668.0 5557.0 6434.0 7508.0 8425.0 8555.0 8237.0 7818.0 7115.0 5677.0 4076.0 2655.0 1861.0 1648.0 1132.0 572.0 456.0 436.0 264.0 43.0 3.0 
1798.0 7614.0 8909.0 15853.0 17669.0 13913.0 9909.0 5383.0 2262.0 1237.0 823.0 666.0 586.0 625.0 569.0 577.0 635.0 747.0 988.0 1443.0 1911.0 1863.0 1769.0 533.0 22.0 0.0 
1096.0 1127.0 2019.0 3622.0 4917.0 5741.0 6844.0 8340.0 14000.0 20198.0 11186.0 2900.0 1076.0 753.0 873.0 550.0 365.0 327.0 315.0 348.0 704.0 3571.0 6954.0 462.0 16.0 0.0 
1011.0 727.0 690.0 903.0 1146.0 1157.0 1246.0 1372.0 1915.0 4696.0 9500.0 12839.0 12919.0 11554.0 9243.0 7040.0 5322.0 4470.0 3692.0 2766.0 1641.0 1151.0 1241.0 61.0 2.0 0.0 
1508.0 2841.0 4731.0 5473.0 6154.0 7215.0 8017.0 8077.0 8455.0 9153.0 9039.0 7279.0 5000.0 3366.0 2485.0 1722.0 1128.0 737.0 663.0 708.0 761.0 1206.0 2334.0 241.0 11.0 0.0 
6584.0 9402.0 9530.0 10719.0 11607.0 11218.0 9919.0 7922.0 5910.0 3601.0 1936.0 1183.0 836.0 774.0 747.0 823.0 731.0 787.0 803.0 863.0 720.0 647.0 861.0 176.0 5.0 0.0 
979.0 6694.0 16612.0 11138.0 3562.0 3717.0 5673.0 5338.0 6172.0 8019.0 10202.0 9244.0 3236.0 1432.0 1069.0 908.0 760.0 728.0 636.0 523.0 324.0 321.0 918.0 99.0 0.0 0.0 
